550505500411111233224222424112333342141444333055050500 12
005505500413113133423424243244133411131242222000055555 12
005000055433311143211422441422133411333244222055550550 11
500505505312313222113222122431131331444444443000055055 4
505505000224113442131422333442331224111244313555050050 10
500505050234111344122222131314333242311444324055050505 13
555005005124113311323222242231133133444444214005555000 14
005500050311113131244424212324133344122242334505550055 12
505505050121111314244424143322333232114242334005550500 13
050000505141313212423224313431131441232244423055550055 12
505000050121111313244422234313333141224442234050055555 11
000505555424113424331422331242331242311244311000050555 7
500000550223311211431422433222331444143244113000555555 8
005505000441113331244422223314331224113442132555055500 8
000005555111311222423224142444133333112442433000055555 9
505505500243113112422422111124133433333244244550550000 3
500505055334313334344422141113131222212442124005050055 13
505505055221313242412424321134131444331242313005050050 14
000500500144311333111424413223331244422242132555055550 8
555500000212311344332422111133133423221244444055055500 12
055000555323113341231224443431133211224442214000055550 14
005005005224113224333222333244133244111444111550550550 3
055000055211111211444224222334333344121244333005055055 7
055500000242313412322224334144131124131244313505550055 12
550000005443311134214222123112331243123444432055055550 14
055000500122113424334424342311133334242242111050055555 8
500500550313313131422424244333131111224242442055055005 8
555500550112311141324424432341331334422242312000055005 14
005005055312111322121424333441333411232242444005555005 13
550505000343113311411224221231133433422442442505550500 13
550005500214111344131222131224333213323444244055050055 14
550005005444313242311422331222131424133442113055055500 11
500500555433311411233422423442133222111442143500555000 5
055500505322113212131422114424331342144442333050550500 12
000005000132113224341224142213133313424442431555550555 12
000500005322313414133424111441131442222242333555550550 13
005005055443111444234422111311333233223442221005555005 10
005505505133113113214424244324133344132242122000550550 14
555500005131311142414424323332331244114242322055055000 13
050000005412111333144422413121333244233442122555055550 10
505005500143111123421424232414333341332242412000555055 13
055005005431313223434424241311131422213242341550550500 14
550005500411113244214422342124133331321244233000055555 10
555005000131113323223422413232133214144244144005555500 11
005005055311311442422422311133133422442442133555550000 3
050000055111311343421422424232133341334442212505055550 13
005000050242113112334224331343331211421442424555555005 10
000000000111111222222222333333333444444444111555555555 1
500500500441311442222222311314331224331444331055055055 11
555505000242311211344424424313331334221242131500550500 5
005005050132113322342224334121133113214442444055050555 13
050505005212113444123224132442133333311442421005050555 10
505000000224111333131224224442333313111244442550555550 10
000505005324113214331422142233331341422244411505550055 9
555505000432113411332422422113133124243244143500055500 12
000000055231111411422222222333333341411444443555055055 7
000005550331311144212422342334331311124244224550550505 7
550000055413113411222224444322133142133442133500555005 11
050000505214113241333224242424133134123442113055550550 13
550000555133113343211224433241331221422244414005550050 11
005005000441311431223222243232331414323444111055555505 12
555000505232113313141224231444331412323442124050555000 15
000005505333311214224424144141331331224242213055055550 13
500000050132311114311224333222133422144442344550550555 6
005005550111311333244224224333133111442244422550550005 5
050500550144313142133222313412131434322444122005050555 13
555505000133313123422424214143131133214242442000050555 12
505005000441311422244224314312133133133442221055055055 10
055000550222113421341224243433133412433442111005555005 13
050000505321311222432224311343133432414244141555055050 14
555500550311311341212424433131331244424242322500050050 13
000505005222113314113424133444133443121242232505055055 9
550005505341113412422224121333331214234244341050550005 14
000000000111111333222222444333333111444444222555555555 1
000005055232113123113224443444331222131244314555055500 11
005005555244311414322422333141133234223244111050050550 6
000000000333111111444222222111333333222444444555555555 1
005500050341111343221424414434333331112242222505550550 13
055005505331111244423422343234333212124442111500055050 13
000005555331311224442224331311331442224442311550550500 4
505505505444111111333424444222333333111242222000555000 4
555505500432313144312424312124131321341242432000550005 13
500500500131311421242222434311331322442444313500555550 13
500505000133111213421424443221333232444242311505550550 15
050005550414311233123422442432331122311244341505550500 14
005500055212311442111422344432331331321244423505055050 14
050505555121113414442224333331331422212244341000050505 8
005000555444311433322224242133133112411244321050550550 13
555000000111111111224224224333333333244244244555555000 1
550500000344311212133224114443133123222244431500555505 12
550005005221311211443224221433133443211244433055055500 4
050500055143311132243424133422331411314242224500055505 12
050505005141311133423224421442133212314442332055050505 15
005000050214111224113422324242333143331442431500555555 13
000000000111111222222222333333333444444444111555555555 1
550000000222111344334222112122333333111444444055055555 4
550005005221311433443224211433331221211442443500055055 5
555005000333111441421422212444333312322442131005550055 8
005500500144113334124224132313331123442442212555550050 13
005505500222313241334222432313131124443444111500550550 12
055005005134313111323422233241131214224442344555055000 14
550000550243113134442224113312331421133244422055050055 9
550000050142111132343424121413333223234242414550050555 14
000505555313313131224224244131131313244244224555050000 4
005500550332111411331222224421333342214444341005555500 11
000505505242111223114424424111333144233242333055050055 7
500505005411113423431224221242331442113442333550050550 12
500000000444113233111224244233331123223442411550555555 11
050500005114113214323422132441331323234442241555050055 13
500000505331111323444222241113333212224444134050555055 12
000000000111111444222222111333333222444444333555555555 1
555000555111111333444222222333333111222444444000555000 5
055005005434111332312422124142333121343442412550050055 11
555000050224113333111422442442331333121442214005550055 6
505500000311111431223222241241333414422444333555055050 12
555000005443311242224422121331133411433244213050555500 14
505500500114311413121422242433133124232442343550055050 11
505505505424111111333424424242333333111242242000555000 3
005005000224113224144422112333331313441442231555550055 9
550000000333111111421224211244333422342244334555550550 5
005000550124111434113224112242333144322244333505555050 12
555505000242313424344224334313131131221244211000050555 5
555000000111111333222224444111333333444244222555555000 2
055005500134311313121224424432331342342442112555050050 13
005505500223311443421422241434133212133442113500055055 14
555500550423111231443424423244333232311242111550050000 8
500500500322311411333222222441331332444444111055055055 2
550005000111111111243224242424333333334244224555050055 14
000505005312311314121422121243331433442244432555050550 13
555500505234311214341224331422331422143442113050055000 12
505505005243111331212224423111333423441244234000550055 11
055005005224111331331222442442333311311444224000550555 5
000000000111111333222222444333333111444444222555555555 1
555500500411113321224422233333133241211244444055050050 6
005005005441111431444222222322333312333444111055055055 4
050000505211111333422424441314333222133242144055550055 10
500500500333113333444222222111133111444444222550550550 3
505005550112113341333224423231331422412244144050050055 14
000000555331311111433224223444133242114244322055055550 8
000505555313313313224224224131131131244244244000050555 3
500005500311313323234422214132131144124442342550055055 13
550005000224311141113224233444133222311442334505055550 9
005005000222111243311222434444333332111444321555555500 10
000000000333111444444222111111333222222444333555555555 2
505000550321113443231222214423133311244444231050550550 14
005000055231311214442422322134133313121244443050555505 13
055500500244311133112224243113133424433442122000055555 10
000000550113113422424422114142133142332244333550550555 10
000000000333111111444222222111333333222444444555555555 1
505505500343113222433422111221133433444244211550550000 4
005005555432311414144224322312331332341442121050055005 11
000005550324111341131222212222333334344444114055055505 13
000000555222111111122422433333333444443442112000555555 2
000500555311311311422422422331331331244244244000055555 2
055500550142311321314222432321331344212444134000550505 13
505005050432113212321222112424133341333444441550050055 14
005000055124311331321422243441133214234442312555055050 13
500000055241113441412422422332331334121244313500555055 11
550505005412113311121224443241331223433244432550050500 11
050505555443113213211422223224331444131244331500050005 12
550000050444313133132424422322131112113242344555050550 13
550000000214113313123222243432133444131444122550550555 11
500500500344111222111224334221333333444244211555555000 3
050000555214113234342422324321331141213442431500550055 15
550000500331311311222222242331331321414444444055055055 10
500500550444113113143224432412331323131244222055550005 13
500500055442113121122224442333133113213442434550550500 11
555005000123111123432224413113333242244244134555050050 13
000505555222111442142222134323333133413444411000050555 14
505005050143311112433224123234331221314442244550050550 13
505000005331311414443422331214133242322244121050555055 13
055005000113113414422222122142133132344444333555550500 5
000000555111111333424424444111333333242242222555555000 3
555005000331311311233422411244331224322244144000055555 4
050000555332313112122222131313131442444444324500550550 14
550500050113311244431224142224331313334442221505055005 14
550005555114111124332224331341333442412244322050050500 6
500500000411111444222222122332333331113444443555055055 4
500505005144313332323424134422131113144242212550050055 14
055005555313111431221424212443333133444242221055050000 14
500000550224313244133424113442131412123242133055555005 9
505005555432111121143224444224333313331244212050050050 13
550500000132311223311224444231133322444442311555550500 7
500005055122311332142222144331331313424444412550550500 9
505505050222113241314422434323331334241244111500055500 12
005505055211313441444222232332131324321444311005055005 13
500505055123313234241222334214131123314444241550050005 10
505005000434111341134424223321333212413242142555055050 13
500500500112113333323224442431331141422244412555555000 14
005005500444313222144224334312131322331244111555555000 8
050505505232311442132222114343331123423444411000550505 12
505505005423313111242424433141131433423242212050055005 15
005505000232313323341422421444131214131442312555550005 14
050005005424113432311224314242331121343442231005550555 14
005000055143313333241222433411131211224444224055550550 11
000000000111111444222222111333333222444444333555555555 1
005000005223113114234224321342331431311244244550555550 5
055500500344111314112224334132333122344244122550550005 6
550505505242313213113222442421131121433444433005055000 6
555000000111111333222224444111333333444244222555555000 2
000000005223111244233224133444333411111244223055555555 7
005005500212313131344224412343131121423244234500555550 13
500500500333311333444222222111331111444444222550550550 3
550000555211311244424422342134133131313442223000555500 13
550500500333311422442422111313133224244442131000550555 7
500005005323111232213424121441333413432242441550555500 13
050500550331311144224422332142133311314442224500550505 13
000005555131311142423422343424331433112244212055550005 10
055005050344113321123422243231331434212442114005550505 13
055500500331313321243422213244131214134442124005555500 13
055000055121313132424224344332131341314244212005555500 14
050000500343311131434422222142133322314244114555555005 12
550500000331113224224422312144331344312442131550550505 11
000005055243311421233224211442133414331442123505550550 13
050005505144311222334422342113133114422442133055055500 11
000000000333111444444222111111333222222444333555555555 2
050000500413113433421424232224133311141242243500555555 11
550500500444113332113424123422133433111242242550550005 8
555505000431113224243224143232331411113442423055050005 12
005005055144113334311222311432133222344444122550550005 12
005500555211111242414424131322333444323242331550550000 11
000505005321311132444424331113331243422242412005555505 9
500500000323113213434424434143133142222242111505555055 14
550505000414113343132422422342133124113244132505050550 11
005505050321111431214222212333333344442444121055050505 12
005005550423111413413424231231333241241242423500055055 9
050000005232311344112422314334331123121244442500555555 10
555000055141111111444422223333333214234442322005550050 13
055505005123113114214424133333133241424242242005050550 12
050500505341311331414422223111133244234244322505055050 13
055000050234113424112224132112331344321244343555550005 12
550000005113113121232422214334331322344442144555555000 13
055505500111313332234424343344131224112242124005050550 15
050000050341311412244422331123133234412244123555050555 10
050000005434311444321424132222331311343242211055055555 11
550005550112113314343422121424133432342244132505050050 13
500500050234111234113422113422333422141442343005055555 15
000000555333113111211222221222133444334444344555555000 5
555005505111313131444222444313131333222444222000550050 8
000000550111311444222422334344331122112244333550550555 7
555500555444113111333422444212331333121442222000050050 8
505500050314111244123222324234333142332444111550055005 14
555000000122313344333222112222131133114444444055055550 7
500005005331113311441222423223133431242444214000555555 14
505500055214313444322224313133131244231244121000550550 12
005005055213311443222224244133331111421442433550550005 9
050000555342113124124422133113331232414442342055055500 15
550005505221313332442422141324131411333442214050550500 12
555500050132113141334422212321331324414442342055050005 13
055000550112113422341422332444133124112244333505055050 7
550505000333113441411224421223133214232442143500550505 13
005000050421113432242222313112133444323444131005555555 14
550005005223311243213224234424133111331244441550055005 13
000500505134113313341224222214331324142442134050550555 14
500005055241311414422422331343133221211442433550055005 14
000500500211111311222222223334333444133444144055055555 4
550000050422113111334224223111133442443442332005550555 6
005005055324113114333222331244133222112444144550550005 6
050005505413311431211224433243331241421442223550550500 12
550500005333111332224224113142333414122244144050050555 12
050005555331311242424224133113133222444442311550050500 7
505005005121113242413222144212133323134444433000555550 12
055005000411311133233422421212133441323442244505055550 11
000500500242111111334422223111333424233442344555555005 6
550500505311113234441422321222331432114442343050550500 14
005500005242313433131424413423131242411242321055550550 15
050005500111311424232422344324133142132442313500555505 11
500000550424111333111422444222333333141442212555555000 8
550005550344113332123422114412133133144244222500050055 11
555500000244113422111224313442331224131442333555055000 6
550500500312113344344224122122331114134442332555050050 12
555500000432311122314224311342133422133244144505055050 14
055505500343113211433422431211133244224244123000050555 12
505505050313313131424424444313131131242242222050050505 5
005500555424113332312422143134133224111244342550550000 11
050500055432113143122422431321331412243244314505550500 7
000505505221113223443424441411133433233242211555550000 7
000000555312311342144424114122331132334242324050550555 9
505005500114313133113222424221131343442444232005555050 14
550005550423113411441224243214133232321442331005550500 13
555000000111111111224224224333333333244244244555555000 1
050000505244113111314422232122331134323442344555550050 11
505005005433311422212422144114133143323244231050555005 15
500500500411311322222222333332331441111444444055055055 2
550000050441113421244424213123133214233242133505550550 9
550005500133311113422224442331331311442442422055055005 10
500505505234311411333424222441331113443242221055055000 7
005005055412311422121224333412133432343442141005555005 12
055005000214111244123422141213333233431442423055050555 13
000000000111111444222222111333333222444444333555555555 1
505505000212311423341422432442133334111244321055050055 13
500005005242111341112424432334333324311242124050055555 13
055005055324311132332224314144331312142442124505050050 11
505505005322313134141224321443131413232244412000055550 15
005500050441113212212422323144133434123244133055050555 12
000000555244313122332424111313131231443242424550055055 13
055000055422113142134424321332133442313242114505550050 12
050000500113311422442422122344133334132442113500555555 7
005005505124113244313224131213331432442442123055555000 13
005005055442311313131224432442133111323442422555550000 11
555505500211313221231224234444131341313244423005550000 8
055005500122113334344222142314133122112444334055050550 10
005005005442113442111222111422133422333444333550550550 3
505500505444311433322422222113331144211244331050055050 11
055500555313111123241224211443333231434244422050050005 12
505000000343113233431422441423133422212244111555555050 14
050500505234113143311422224214331321133244244500550550 8
500500500313113313444222222131133131444444222550550550 5
550500000112113142323422121434331232314244344500555505 14
500000055224113431322424212311133344441242331055055055 14
050000550324311331142422224311133144214442332555050055 13
555500500121113413244224234313331144232442321000550055 12
000005550313113214441422122244331323134244231505555005 12
055000055242111334123222113224333243111444434005555500 11
500505005432311423122422432341133142413442311005055550 13
055005005223113231224224231313331444441244113055050550 12
055005005322311344111224323434331442112442132500055055 11
055505505133113444221224332444331113112442223500055000 5
500500500234313242142222124314131124313444331550555005 12
500500000233111122444222333112333223111444444555555500 4
555500500111311423243424234234331344312242121000550550 14
550000050143313141432222223331131412424444312005055555 14
550005000122313334341422134212131343114442422555550500 13
005505500432313344322224322114131143131244412500550550 12
050000550131313111223224412442131333342244424500555505 14
555505000131113414222424323131133242444242313500550500 12
005005055424311143332422231121133442213244314550550500 11
505505055233113111244224423332133244111442324500055000 8
555000000111111111224224224333333333244244244555555000 1
005500000222111341342224433113333414421244132550550555 13
505505055113311212234422144332331324144244123000050550 14
555000000111111444223224114222333333144244233555555000 2
555000055213313333241422211444131431321442224000550550 6
000000555111111111422422422333333333442442442000555555 1
505505550211113344242422131124331433323442214005055000 14
550500500423113323444422433132331242111244112555050050 8
500505005213111423214424234141333331421242243500550550 13
055000550221113231244224214344331334123442113055550500 13
550005555114311221331422424243331334242244113000055500 9
550505505211111242434224124124333333343244211500550000 9
000005555113113113224224224133133133442442442000550555 2
505005055413113222244222131331133413423444241550055000 10
005005000111113244244224114322331322334244331505555550 6
000000555111111333444422222111333333222442444000555555 2
500005055342111423131422424211333332442442311055550500 15
555005000412313211331222423443131442233444121550550005 14
050005005441313232444422123112131422313442331500555505 12
500000555222313331131222413221131443413444244050055055 9
550000050242111333344424424111333331421242212505055550 12
500500555111313334441424333224131211342242422550550000 9
505500000331111342244224321321333211432244414055555005 13
505000055422311442133222114244331133323444211050055055 13
000000000111111333222222444333333111444444222555555555 1
555500005412313413143222432221131123443444231055550000 14
555005550312113214321222322433133131244444441500550000 15
000000555111111333422422442333333111442442422555555000 2
050500505422311333111422442224133333111244244055055005 5
050005555221313323414222433141131211233444244005055500 13
505505005112111334124424143323333212234242144005055050 12
050000500122113142313224123434331412132244344550055555 13
550000055112113233141422424221133332414244343055550500 14
000000000222111444333222111444333222111444333555555555 2
005505500424311222144422331331331214211244343055055005 12
005005055232113243121224412433331321441244413055550005 13
050000000343113224431424113234133412122242341555550555 14
000505550111111313233422243434333424122442142500055505 11
550000500133113442422422122311133333412244441050055555 12
055500500311311222222424311133331444444242133055055500 7
005505000424311244114224122312331332333442141505555005 13
005005555214311322321422141434133233113442244000055055 13
005505500343311232431224343414133222114244121505055050 15
550000055322113111123422434434331142312244342050550505 15
555005005434311443313222211231331222443444121050550005 15
050000550231113211244422243113331424423442133005055555 11
555500005342113431113224424211331332422244143550550000 15
550500550423113341414224222144133133311442232505050050 13
555005550243113121431424433412133243113242422000550500 12
505005050424111412143224133211333241423244233550550500 12
050000000244113244113422113422331422331244331555555505 5
550005050112113131333424223443133442224242114505055005 12
500505000444113231141422224214133122313244333005550555 13
500500055211113422443424323434133231341242211055050550 13
550500050432311134344224142124133321313442212005055505 11
005500555333113341211222241431133413224444224055050050 15
505000505211311111444422434332331343123244222050555050 15
550000550313111242441424331221333411424242233055055500 10
005005555333313244211224313424131242134244121500550050 12
050500005324311341314224234141133134222442312505550055 14
550500500424313221133424243443131412231242113055050055 13
555000555222111333141224212444333111323244434000555000 6
555005000432113422331224311444331212323442141055050055 14
500500500212111421323224442442333134113244133550555500 15
000000555333313333244422244111131111224442224000555555 5
555500500311311133223222211222331444144444334500555000 5
000000555333313112222224141333131441414244224550555500 11
550005500433113413414424232122133142141242323500055550 7
055000000411111411221222222442333331333444443555055055 4
000005000432311213331422444214133122143442321555555505 13
005000000411113111223422223244331233133244444555555550 7
050000555224113413333424244431133141213242221050050555 10
000005550441313441232422223333131422411442311005550555 10
055500500432313421342222412143131322411444133550550005 11
055005005342113334114224122334331342122244114005055055 7
055500555222311123141224433444331214133442312005550000 12
500500005444113231322422422313133114243244131550055550 10
500000055211313433433422243442131422121442311050055555 10
050005050121113232243422344412133113324244431555050505 13
005000505234313214342222122123131131413444443055555050 14
005500500431311444223222341212331411331444223550550550 14
000500550212311244333224113441331421223442431555550005 13
500005050341111141233224412412333323122244434500055555 13
555505505414111121313424444222333333131242242000055000 8
000000000222111111333222222444333333111444444555555555 1
050005500231313243243222214424131133123444411500550555 14
055000505312311324131422343441133211224244432550550050 13
500000055411111431442224221313333442223244133555055050 12
005005005333113111222222444111133333222444444550550550 2
505005000123113242431222133443133421214444213050550555 12
555005005334113421333224244211133342422442111055050050 4
055000055321111121413224233234333444142244312005550055 11
505505005441113412433224143234331211323442221050055500 12
055500005312313324143224131231131443212244424055050550 14
005500050243113132424422331342133211311244424505555005 10
005505505131113413423224444222331312342442131005550050 9
005005005124311224333224314242331112334442141550550055 8
005500550444111222134224324312333342331244111555550000 9
550000500224311113133422224432331143113244442050055555 10
500005055121111442433222111413333243234444223500055055 14
055505000244113412142222324112133134321444333505550005 13
505500050123111212444422133321333212444442331550550500 9
050000500131311434242224324344331122112442313550555505 11
000005005144311244311422332222133324314442131550055555 13
500505000244311312122422314332331123141244434005555505 11
550500000313111242431222324234333141312444421505055055 14
050505505322113314114224133131331244224244342505550000 12
555000550334111333143424244222333112124242114000055055 5
050005555144311311321424414232331132342242324000055505 13
055005005423113113222424431142133434343242112055050550 15
550500550312313131343222212433131121224444444505550000 12
555000005132113434143222342211133123414444223550055050 12
005005005424313444333222111242131222333444111055055055 5
555505500213113141432224422114331123343442234500050050 13
000000555111111333444422222111333333222442444000555555 2
005005005131111111444222222313333333444444222055055055 3
000000000111111333222222444333333111444444222555555555 1
550500500411311322224224331144133233311244244055055005 3
500005005434311432312424121311331222443242341050550555 14
555000000222311441332222444111331322411444333550550550 4
000505005133311213212222424321331144234444341505555005 14
555000000111111444223224114222333333144244233555555000 2
500505505133311412213224131441133423422244243500555000 13
005005055444311222311422133444133222113442331500550550 4
055000550223311214444224131331133443223244211505550050 12
055500000122113414332422322111331344234244143500055555 9
005500550221311213232224434123133141443442413005555005 13
000505550124311132132224342323133113442244414505550500 12
005505055412111443133222444221333133223444211055050005 14
005005050143311143411422431412133222324442332005055555 15
055500005321311443413424441213331232432242121005555005 12
050505005142313213111422424243131132424442333005550505 9
005500055324111214341222332431333321242444411500555005 10
555005005312311342121422114434133331342442422550055000 10
050000555221311133424222441112331234313444342005550055 12
500505005334113144324422314123133131242244212000055555 14
055500550342311444323422114211133331234244221005550500 15
005005005113113113222222222133133133444444444550550550 1
050005550311313334244424121122131244314242332505550005 15
000005500411311214222224323344133442131442331550550555 14
055500550222113431322424444113133132443242113550050005 6
550000550214311133132422414341331341423244222055550500 15
055500550213313133411224221444131223133244442000050555 12
000005555342111124134224342132333122314244314550550500 13
505505005314311232321424124443331331242242411550550000 12
550000000333111333441222411222333444122444112555550550 5
000500555322113442112222322333133144434444111005550550 7
055005005444111221311424441431333232213242323000555505 12
055505005321311243443222434224331332112444111505055000 7
000005505332113123141422212244331324114244334550555005 12
500000050244113114142224333323331421231244214550055555 13
555500000223113241414222232311133331421444443005550055 11
505505500432311444344422322312331122111244331000550550 6
055505500143111322441424113434333423112242232550050005 13
500505050323111142431222333212333411142444424505050055 12
050000550111111113233424222434333343122242444500055555 10
005500555114111442341222322433333133422444211055050050 11
500005050142113321313224234444331132314244122505555005 14
005505500423111243433422242234333123111442411500055550 13
500000055311311441431424221223331444212242333555555000 5
050005505412113422114224332143133133441442223555055000 6
505505000331311214234224312341331321442442421500555005 11
005005005331311131423224241223133443412244412055555500 12
500505550341113233223422222411331331414442441550050005 14
005505550112311423321422434411133342232244341005050550 10
050500500132113113324224424131331312242442344555055500 14
500500055212311433133224223443133444221442111050050555 8
555000005222113333144224231313331444211244124000555550 9
005005550111113333244224224333133111442442422550550005 3
005005005224111333333224244244333111111244224000555555 3
000505505111113411443224433441133232222442323550055500 12
005500505312311332121222133444331224144444312500555050 12
550000550423113441441224233233331211211244423555050050 9
550005555432311443111424221223331444231242313550050000 14
550005550112311122343424121433331443212242434500055500 6
555000000411311423232224232114133344343244121000555555 11
000000055244111211322222422333333334441444111500555555 4
500500000123311222442224112334331344334442111550550555 8
500505050233311223444424223111331442411242331550050505 13
550005550114113124121224343233133243212442434500055500 7
550500005114113212323422142432331324144244133050050555 13
000005500341111334222422314324333141114442232500555555 14
500505550141313331212224444334131112322244324050050505 13
050000500311113112224422331122331244334244344555555005 7
500005050321313414234222344133131141212444223550055505 13
555005005322311121114224414333133342232244144550550000 12
005005005442111111111422422422333333333442442000555555 2
000505005134113222342424314341133334214242121505550550 15
055500050142311213333424422223331134414242141505050550 14
550500505231113231423224412424331143343244211550055000 13
005505550441313413212422432143131333421442221005055005 13
055500005441313343414422221324131212133442132550050055 13
055000055313311242234224124344133134112442321500550055 8
050005550121111324232224143313333431412244442505550005 14
500505000212311341314224223123133434231244144055055505 5
000505555432113412143224322422331143311442431005055500 15
505500550144111123114422214333333144222442332000555005 10
050000005411313311442424233344131422133242122555055055 11
555005550344313132132224143113131224214244324500550000 15
005005005223113413222424443133133234441242111055055550 8
555500555442113113123224214224331331331442442000055000 4
500000055433113422242424144334133111323242211050055555 11
000005555444313121312224221333131412441244332005555500 13
000500555433113243224224413133331242421442111555055000 14
505500500244113221114422214331133342433244123005555050 11
500500055424313241311424432221131311443242233000550555 12
050505500321113341224222214132133114344444332505055005 14
005005505144311122343222121213331433432444214500555050 13
005005500223311214432222143134331442113444123055550055 13
000500005334113112311422331223331441422244244555555500 5
000505505444311434341424321212331222311242331000555505 13
055005005421311113442422433124133232143442312055050550 15
500505005442311123114422222111133333433442442050550505 11
005000550232113241334424414321133124243242311550055055 11
505000050234311213121224441413133224231442343055550055 12
000005555113113331222224444311133133222442444000550555 3
505000050422113131344422412313331131223442244500555550 13
550000055233313141213424433444131211321242224500550550 9
000005005222113333112224444344133122111442334005555555 5
555000000111111222221224334444333333344244211555555000 2
000005505141313341413224423432131432312244122550550055 14
000000555222111222133422133444333444113442113000555555 3
005505000213311432411422331442331223341244421005055555 14
005005550321113212242224341133133434424442113005550550 11
555000005213113143224424224332133311131242444500555050 14
000500055421311243422422442334331112133244311505555500 6
005005005441111332444422111322333411333442222550550550 4
050000550444311213121422423233331242431244311505555500 13
055000050212311444322222143123331432411444331055550505 10
555500055122113313131422213433133422244244144050050005 6
055000500322113432341224131443331222414442311000555555 14
500500555414311114344422342132133333121244222000055055 13
000505005231113322424424331112133243311242444005055555 10
505005005312113342124424311321133432432242144055055050 11
550500505231313223444422412122131114133442343005550050 15
000000000222111111333222222444333333111444444555555555 1
055005055411111221423222242234333133113444443005055500 10
005005055321311434444424331341331212222242311050050555 6
500505550232111414341222123242333414123444331005050055 12
050005055133111244213422142422333133314442421555050500 9
505500555313313321222222413131131242434444144050050050 14
550005055423311143234224242112133123113442434550050500 15
505505500211113333232422441121331423413244244005550050 14
500000055424311311324424232111331143433242242555055050 14
055505005131113322424222311332133242314444144005550005 13
555505500244313222132422114114131324343442133050050500 10
055005555423113121234422214344331343131442212005055000 14
550005000441311113212422441333133421223244234505055550 13
055500005331311343423224411234133212142442124005550055 14
005005555443313114222222333144131433111444222050050055 4
550005005312113331131224443211331422422442344000550555 13
050500505312313334124422143111131232244442324005550550 13
005000055232313344111224323422131441331244412500555055 10
050505505322113332131422314242133121314244444005050055 14
555000055344313322312222122111131331432444444000055055 5
550005055114311131322422222333133144244442314505050050 11
555000550213311221431422422434133141313244243050050550 14
050000055124311242333224124432331112344442311550550505 13
555000000333111112443422111222333433122442444550550550 4
555505500214311131141224233424133224313244342055050000 13
000505505224311244334224142133331113413442221555550000 7
050500505114313344323224132422131141312244432555055000 13
000005505322113114122224332344331142134442314500555550 13
550500000232313311323222221444131414331444142555055500 13
500500555133311231221422444211133323442244413000550550 13
550005500334313124131222343213131241214444224550050550 13
500500000233111344444222113114333221331444222555555500 5
050005555114311114334224332142133122322442344500050550 9
005005005222111333111224444444333333111244222555555000 3
500505555422313144114424313124131242331242332050050500 14
505505050132311224323422313241133432444244111500055005 15
500500000232311224344224342114331324331442111550555505 11
505500000222111411331422421443333234211442343500555055 11
055500500233311222414424144332331111323242441500055055 7
555005055323113212244422141331133414422244331500050050 13
500500000424313224141224142232131313113244433055555505 13
500505555422111314111222341234333423341444232500550000 15
505500000341113343231222421413133431212444224055550550 12
550505005114311342333422131441133213424442222500050055 11
550505505442113124142422333333133411211244422050050005 7
555000550441111241233222411224333224311444333000555005 14
055505500414113132132422343113133243421244422005050550 13
055005555322311211143224414233133122434244143050050005 9
005005555133311144211224311422133423332442442000550550 7
000005500121311132212422323344133444112442334555055055 12
005500005413311241234422444322331122313244131550550055 14
500500500313311131444422222131133313444244222055055055 7
505505005231113331413422241224133413321244244055055000 15
500005055321311421433224213413133432242442141005555005 13
550505500141311334222424121344331432312242314055050500 15
555000055322111412124224114341333332442244331000055550 14
055505055431311442422422122142331333313244411000050505 13
050500505244113134312422121324331214143442332055050055 14
550500550242313243311224421231131434423244311505550000 13
005005550111113333244224224333133111442442422550550005 3
000505505442311213143422411431133422231442323005055550 12
050500055213111414242224121333333441421244233505050550 12
505005005334311344312222121143331432222444114055055050 9
005005000112111441311222222433333322444444133555555005 3
500005550442113314331222311224133431341444222550550500 13
505500005421111121442222433113333233213444442050550550 13
000000000444111333111222444222333111333444222555555555 2
005000500423313132444222341312131411331444222055555550 10
555000000222113221334222444333133344211444111550550550 4
050500000411113112224222331122133233343444444555050555 10
550500055212113423113422231441331442421244333500550500 12
055505500211111224234224341322333434343244111500550500 11
555500050432111141333222421211333223443444412000055505 14
055500500422311111334222241333331422411444342005550550 7
500500055344111122344222324132333314112444132055550500 7
505505555113113442224224113331331224442442331000550000 4
055500500422113444313224331211331233241442421000555505 11
005500055344111112341224321433333221412244432005550055 10
055005505423311242234424121343331231411242413000555005 14
500500550231313331244222213111131223443444424005555500 7
500500550343313242412224134323131111234244421500550055 15
555005000123113111421422233413331433244442242005555005 7
055500550441313313242222424122131311331444432555050000 11
505500050244113143124224231313331234211244324500555005 12
550000505323113344214224112142133133134442224005555050 10
050000500323111431442222222341333314234444111055055555 11
005505005332111411121224444441333312232244323500055550 13
055000500241311433222424414142331134313242321005555055 13
005505005133311323211224441422133212334244144055055005 14
500500005233311111244224223114133224331442344555555000 10
500005050244111324112222133343333431221444214055050555 15
055000055344313334332224112114131144122244322555550000 7
555000500421311242234224314332331341111442423005555050 13
055500550333311222412422341121133434214442143005550500 9
500505005123111333222424444342333132114242114005055055 9
055005505414311132332222341113331423421444242005055050 13
055500505414311442342422324112133332331244121055550000 13
555005000132113322314422144332331124114442342500550055 13
550000055223113424232424141332133414111242343505055050 15
550500005242311311132222423331331444421444312550050055 11
000000555111111111422422422333333333442442442000555555 1
000005055432111344122422132344333113123442412555550500 8
050000050223113432434422311142133224311244143555055505 14
055505000311113332224422324334331111142442244005050555 13
500500055211113422432224344312331343131442421055050550 12
555000000444111111114224223333333222233244144555555000 2
055505005234111244322424342114333324131242113050050505 14
500500005224113343314224232142331334121442114050555505 13
505005050122113312312422134133331143244244424000055555 14
005500555124113434321222342412133312332444141000055055 12
500500500111311333222222444333331111222444444055055055 2
550000000111311112223422333422133433144442244555555005 7
055000500321311422241224334412133331314442241055555500 9
505005000311113321214422244331133341422244432555550050 13
055005005341311423433224431213133242422244111055050055 9
550500500411313331222424211343131443221242434005555500 9
005505555111113343423224233221133431242442414000055005 14
505505005223311444234224344332133113111244221050550005 14
055005505413313321214422442332131141331442224000550550 12
005005055422113113133422422244133133113244244555550000 3
500000050441311313244422434132331113123244222505555055 11
550005555333113432223424141411133243414242221000055005 8
505500550342111231331424442423333114224242311550550000 8
550005550221313224244222114134131331313444243005055500 12
500005055343313214234422322124131134312442141550055500 15
055000500123311444444224132312133122312442331055055550 14
000000005142113144112422323321331432234244314550555555 14
000005555442113333111224224244331333111244422550550500 4
555505050344113411113422242231331124422244333505050000 11
055505005113111233231224422423333141414244243005050550 13
550505505442311124142422311323133433231244412000550500 15
000505055311313423443422442431131331222442211005050555 12
050000505341313231422222444321131312214444331550055550 14
005505005423113111234224242312133131323442444555550000 15
055005005133311113244422244331133311224442224500550550 6
055500050442111343332222432124333114113444122505055500 11
055505055114311113333424231221331244244242324500050005 12
555005005224311224332422331111331442411244343050050550 11
055000055312311133123222441223331412442444134505555000 12
050500555332113314134422113143133242424244122505055000 11
505000000131113121214424234323133343244242214555555050 11
550000550311111424243424132442333313134242221005555005 10
000005055134311221321224242213331344434442113005550555 10
500505000313311223434422434143133142212442121505550055 15
505500500112113442331222124423133333212444441000555550 15
000500555433311341211422211222133433321244444055055500 13
555500050333311432442422114143331113222244421000055505 13
005505505211113322444422111332331221333244444050055005 8
050000555241113213444224223133133422433442111550055005 12
000005555143313444222422113331131424212442331005555005 10
005005005444313231311222242411131331223444423055555005 12
555000000111111444223224114222333333144244233555555000 2
000505505413313443213424231441131431221242223550055500 10
000500505414311312344422331122133232321244144055555005 13
000505500124111144133222112432333313322444442005555505 13
050500505131311344424222312112331133322444442500550550 12
500505505121313212424224134114131332342244343050055500 8
550000555211313331414422242124131143333442224055055000 12
550000055423113143221224231244331411333442214500555500 14
000000555222111112122422111333333433443442444550550550 3
555505000321311442211422341424133234332244311005055005 15
505500000444113113113422241234331222333442124550055055 13
005005550111111111233224423242333424332244344500555005 11
050000500113113311431222424232133143322444442550555505 14
005505505211311411432224423131331244243442323550550000 15
505005055123111444211424333412333222144242133550550000 9
500500500311311311222222222331331331444444444055055055 1
050005505414113343313422222434331141121442232550055500 13
505000050214313343122222233131131424441444312550055055 13
555005055123111434241224323412333242114244133500550000 12
050000555342313112144422334133131123424442212055050055 13
005000555133111331214224423321333244242244114000555550 14
055500555211311342422422113124133433133244244050050005 4
550000555433111143243422411422333413131442222055050050 12
550500000442113422321424341211133213433242431055055505 13
555500500112111321344224434313333122242244134050055005 14
050000055314111124314424121133333242432242342055550505 14
000000550221113443224224244133133111413442233500555555 7
550500550243111442432424124312333113133242421000055505 12
555505500332313124322224312133131141244244414500055000 14
000005500431311331243424421442331213321242412550055555 14
555000055344111122332424321111333444412242332055550000 7
005005550343311212431224322414331121134442243055055500 13
550005005112111444112224124333333332244244123555055000 6
000000000222111111333222222444333333111444444555555555 1
500000055244113331312224414342331324131442122550055550 12
000000555111111111422422422333333333442442442000555555 1
005505505242311141134422424311331333213244224550550000 13
555500505342113333123224211221331412444244134000550050 13
005005055322111344144222112334333312122444134005555005 13
005505005242311323143224423214133234131244114055550500 14
555005000442113113342422431133133422213244124555550000 6
550500500432313442311424341224131224331242311055550005 10
550005000141113144222422333312133432124244314550050555 13
005005005223113114222222333144133233111444444550550550 2
505500500431313422224222334342131343111444211055055050 7
505500005214311224333224121242133414141244333005555050 15
550000505111311323444224232114331144332442322500555050 13
050500055423311214214422143131331423243244231555050005 12
005505555322313231131222422411131344244444313000550005 10
500500055142311134111224333243133413224442224500055055 11
550000055422113144122222141333133433213444412005555500 12
500500555211113123412422444332331321133244442005550050 12
555000000333313424444224111333131222212244141005555055 9
505505005444311231313224422231331113443442221550550000 10
055505000222311121334222441313331212441444334550050505 11
000000555111111443433422222444333122112442333550550550 3
500005550221113113244224423112331244133244334555550000 7
055505000341311133232224411113331422442442324505050550 12
050005500123113131441424413222133412342242334500555505 15
500500555222113431122422444331331312443442113550050050 4
005505005113313113222224242133131133444244424550050550 12
500505055113113221243224234434331112324442143005055005 15
505005500432311114332422322144331341311244422050055055 10
005000555131111413443222221233333442412444123550550050 14
000005055143311441223422233411133234224442113505550550 7
555500000111113434241422323422331242114244333500550550 12
505000055222113144114422333323331211241244434550550050 12
500505005112311344132422324334331112324244142500550055 11
000005055411113222442422132314331323143244431500550555 14
550500500311311311224224224133133133244244244055055005 2
505505505313313444222222313131131222444444131000555000 3
050505050313313313424424424131131131242242242505050505 4
050500500213113434442422143311331421233244221005555505 12
005505550134111113121222222433333313442444442000050555 13
550000555322311211133422422433133144244244113000550550 4
005000500313313333442424224131131111224242442550555055 10
000005005242111333112224441333333424411244122555555500 6
550000050432113414311422142222133333123244441055055505 14
000000000111111444222222111333333222444444333555555555 1
550505055442113344132224122314133111323442432505050000 15
000005055431113422442224142314331311133442223500550555 6
555000000111111244224224111333333224244244333055055055 2
055505550343311223411224232434133112124244341500050500 9
505500055444111231321224422413333141213244233000555500 12
000505550223113243412422434311331121233442441505550005 13
550005000121313134232422342322131313144442414500055555 15
000505505111313331423424433441131223212242442550550500 9
005005005221113334444222333344133211111444222550550550 3
500505050431311211222222412331331323443444441550050505 12
005005005113113113222222222133133133444444444550550550 1
005005005113113113222222222133133133444444444550550550 1
000500555311311222442222122333331311444444431550550005 11
005500550243113443414224224331331121213442231000555505 8
055500550432113414342424332141133313221242421050050505 14
555005055422311221133222432241331143413444413000550500 13
005505505111113244444222322334133112122444333000550550 6
005505055324313121343422234234131344112442112005055500 15
000000555222111444122422112333333111443442433555555000 3
505500500343113123433222241211133211434444422000555055 13
505505050141113144233224323232331223114442414500055500 7
555005005112113312124422143333133244234244124050050550 14
505500550133113133423224211211331443442442422000555500 9
050500555311113432412422341331133244224244321005055005 11
555000000111111111224224224333333333244244244555555000 1
555000005212111414134224123343333224241244331055555000 15
005000005442313221123224443211131414233244133050555555 12
055500055313311321214422244341331121232244434005050055 13
500500055244311233314422224123331314231244141500055550 12
505500000222111232341224311414333444321244331555055050 11
550000555221113223444222414112133332133444143005550050 10
555500500411313244222422341133131413221442433050050550 14
555000005211313244443222311224131433321444231550555000 12
550005500341311422212222321341331234434444311055050055 15
555500000223313214444224111333131441221244233055050550 9
550000550322111411311224224233333144244244331055050055 8
055000555422113222143224143234331414131442313000555005 13
050005550444313123112224441333131232411244322005550505 15
550005505143111413243224412431333123432244221005555000 12
005500550111313444214424123323131232432242341055055500 13
555005500141311123233424241214331424312242334550055000 12
550005500314311321142422234313133132244244124055050055 15
055505505231311244444224323311331221233442411500055000 8
055000550141311223241422412434133334112442323005555005 13
000000555444111111322422411333333222441442332000555555 2
055005505124113422341224132413331333442442211050050055 14
050005500234311211141422223213133434443442123005055555 13
500005550323313242411224334212131131124244443005555005 13
500005555133113141222422423331331444412442312000550055 11
505500055324311141342422412123133114232442334550055000 13
000000000111111333222222444333333111444444222555555555 1
000000555111111333444224444111333333222244222555555000 3
050005055224113214334424322142133344311242131550050505 13
555000000333111111442422422111333333422442442000555555 2
500500500311311331222222444331331311444444222550550550 2
050005550331311334224422111142133242324442314005550505 10
005005550324313344112224122112131134334244342555050050 14
055500550333113121431224241442133422314442312005050550 12
555000000444113222113222133222133444133444113000555555 3
055500500211311433241222211443331221433444423500055055 5
505005000214311323143422433222133214131442144055055550 14
000000000444111222111222333222333444333444111555555555 2
050505505313313134224422143113131241434442222005050550 14
500505005131311212412422342344133124334244321505055050 13
005500055133111311241224233422333422344244114005550055 11
505500005332113312121422144444331331322244412500555050 13
505505500113313242413422134224131131342442423000550055 13
000500555433113311222224441331331243211244424000550555 11
550000055121311111432424224334331342314242342055050550 15
500500550113113113422422422331331331442442442005055055 2
555000000111111222221224334444333333344244211555555000 2
505005550434113312112224343124133222341442134005055050 14
050500555433311243234422423113133222441244111505050050 13
500500055133113113222422444331331311444442222005550550 3
555500000113111223423422433241333242434442111555550000 13
505505000133113142434424324312133143114242222005055055 12
000000005213113424242222141324133214131444333555555055 14
550505505342311211113422422433133124244244133000055500 4
505005000321313342221224311414131431332244244005555550 14
000500555241111244424422311111333223233442433000055555 11
500505000242113224343422113433331421231442411555550005 14
555500050343311312421424113422331431132242442550050005 13
505500050242313414341422311422131432121442333500555500 14
505505005321113121413422441214133234342244332050550005 14
050000555312113432133224312422133124344442141055550500 13
005505050431111313222222441132333444313444122505050550 8
505505055142111322111222342414333123334444234005050050 10
050500500232313243311424434224131124113242341555055005 14
005505555222311131144422444313133123433442212000550005 12
550500500342113114334422344122133112134244322000055555 11
000000000111111444222222111333333222444444333555555555 1
505005505242311131141222424434331313323444212050055050 11
055505500114311223143222444231331114222444333005050055 13
555005005443113443211222222422133111133444433550550000 5
055500500442111422333224111244333224131244313500055055 10
050500050341113141233224213424331422112442334505550505 14
555500000422111113331222422442333331113444442005055055 5
000000555333111224244224333111333244224244111550550550 3
500000550143313133424424213143131414232242122050550555 13
505500505134311123343224231211133414442442322050055050 13
550005005113113331222422222311133133444244444005550550 4
505005050214113244143224311234331234321442123000550555 11
505005500114311124144422133343331214222244332055550050 12
050000505124113341313222424412133132342444132550055055 12
555000050112113144332422322133133143224244414500055550 11
555500055324113144312222121133133434212444342005550000 14
555500550324311113142224232113133124234244344500550000 13
550500000412113123334424421133133244213242142055050555 6
555000000222111111333224444222333333111244444550550550 4
500005550244311211123224222414133134343442133055550500 14
005500550221111211234424411343333224433242143050550505 13
500005005121113442422224144333331331214244213550550550 13
555000000222111331331224444444333311311244222550550550 4
500500005311311231441224432224133314322442341550550055 12
000000500311311333224224221143133244434244112550555555 13
055005550112311312343224133224133424142244134000055505 13
500500555131113442413222123433133443222444211050550005 13
050000005223313431243422223414131244111442133505555550 10
000000055343113131241224413213331421422244234550055555 14
000500555322111444113222122441333333214444231055550005 11
500005550231311424214422341141133213433442223500555005 14
555000550441111421213422424212333333131442243500055050 15
555000000111313233243222444222131114124444333055055055 5
000000005221111311413224433432333441341244222550555555 12
055005505231313444432424313141131223223242411000055550 13
055500550241111444221422331412333213333442421000550505 11
505005550242113131334222221341133414423444312005555000 14
500005055424113242331224311242133424133442113055550500 7
550000505214311131334224213121133224443442342055555000 13
005005000223311333422224433144331244111442112555550550 6
055000000214311122122224344112331333341442434555555500 13
500505500222113421334224244131331312443244113555050050 8
005000550413113122442224333134133223111442442055555500 6
005005555111311444433224343211133433222244221000555005 5
055005000344111112124422312333333141432442224555050550 14
050000500122311414334422132141331314242244323505555055 8
055005500324313242133422124213131143434442211500055055 12
005005005114113223333222222233133144444444111550550550 2
500505050142311214331222323231331442414444321500055505 14
000000555114113344311224134244331333122244222555550050 12
055000050344311141113224214233133133422244422005555505 12
005005555144113424333224342212331114332244121050050550 13
555000000411113424222224112134331343343244231055055055 13
055005050214311234121424322442331313341242431500550505 14
050005550131311423213424442442331324312242131005050555 11
505500550433313322444422111332131443111442222550050050 7
550005500314311214141222324222331142134444333050550505 13
555505005342113141123224424214331134332244312050050005 14
555500005233113331224224424342331143111244214050055005 14
500500055311113133444224444113331331222244222055055500 4
550500555144113112333422343431331221422442412005550000 13
500005005443313431242424223331131412423242111055055055 10
005005005431313421414224242341131333213244221055055055 14
500500555221111114422422331332333443113442442000555500 4
500500005121313212442222144334131332314444321500555550 12
500505055243311241223222413431331433411444221500050055 8
550500055342113312124422342124133134332244114005550500 10
000000555111111111422422422333333333442442442000555555 1
505005050333111134414222122342333341112444422005550055 13
005005000444311111133224223211133433223244244555555005 5
000500555414113242333224322424133141131442213055055500 13
500505555424313341332224442333131121211244214050050500 9
000000055411311122444224333112331441333442222055055555 5
500505500311311134214224333142331222144442324500555500 12
050005555231311421443422222412331141313244433505055000 13
500505550321313314242224314322131141134244432550050005 13
505000555343311322212422111141331423434244234000555050 12
055005500121113444214224122332331344312442331005055055 9
505505050323313414433422122232131141112442443505050050 4
550500050123113211411224234243133123234442443055050505 13
005005050143113113422224412132331344324244132055550505 14
005005550334311241113224222243133134414244123055055500 10
050000555442313311122224444331131333211244422550550500 9
555005550234311244144422312322133114123244133000055500 6
505500055232311341141422413423133433211244224050550005 12
005005550413113432442422321132133442321244113555055000 15
005500555123311434214422314331331143242244221050055005 14
550500550422313312344224131133131223241244414000550505 8
550005505331313442411424313232131224144242321055050050 13
000000555222111111122422433333333444443442112000555555 2
505005000242313121343424411214131234321242334550055055 10
555500500221313211241224234414131341323244433005055050 12
005005050311311333242224442134133324122442114055050555 11
050505505424313312314224331142131222331244144005050055 11
555000000111111111224224224333333333244244244555555000 1
555500500424111312142222112144333333321444234000555005 14
005005050224313143133424431223131213441242214555050055 13
005500005132311423123422234211133344214244143550555500 10
555000505343311423231222212422331144114444331000555050 12
505505000422313444322224133113131432213244141055055005 14
500505050323311134414224121133331213242442442055050505 12
500505005243113243214224424111133333431442221555055000 11
500005500443313411432424222333131113221242441055555500 8
555000000222111333332224441111333444411244322555555000 3
505005550222113131344422412312331124143442334550055000 7
550000055324113324341224311211331431432442242500550550 13
005005005314313344333222111231131221222444444055055055 4
050000005112111424141422122233333343434442213505555055 10
550500050243313424444424112122131333131242213505055005 11
000500555134311112333424322422331141312242444505555000 12
505505550242113124321222331414133211333444442000050055 11
550500555342113341132224424313331132224244114000050055 13
055000505231113244412422312124133133123244443050055550 11
005505500322311131333422211243133444424442112005550550 13
500500500414311343131224222242133333121442414050550555 12
055005500114113133124222232343133142422444314550550500 13
550000005143311123232424424341331331414242212055550550 14
000005055422111112141422331222333433343442414505555500 10
550500050122311343323422411441331232434244112505055005 8
055005555214111234342224344121333131223244413000050055 13
055005550123113423431422443441133212232244311005050550 15
505000050213311221411422233423331431241244443055555005 12
000000000111111333222222444333333111444444222555555555 1
055505505311111433422224222113333142434244341000050550 12
550005000331313221233224442441131323412244411500550555 14
055005000132311122322224143133133412444244314500555505 12
005005550241313231211222211433131423443444423055550500 8
550500500311311133224224244133133311244244224500550550 3
050505005444111344314224121121333233233244212555050005 14
505500055242311244133222324214331131311444423000550055 12
000000555111111111422422422333333333442442442000555555 1
005005005111113333444222222333133111444444222550550550 2
055000555133311444211224332414133143122244223500550050 11
555005000441311422242224333111133223433442411055055500 9
000500005223311133233224243444133411121442214550555505 12
055500055312313424123222134234131342142444113555050000 14
505000055144313214342422332121131112434442323000555550 14
500505055111111322432422142332333323144442414000050555 10
505005505312311224133224312241133121434442443050555000 13
555000000444111111114224223333333222233244144555555000 2
000500005244311311332422244323133111431244422555555005 13
055500050132113212344222334311133124224444341505550005 15
000000000222111111333222222444333333111444444555555555 1
005005055442113113123222434222133131313444442055050055 14
550000550243113424414422132112331143133442223505555000 14
505500050314313134111224323442131432142244322000550555 15
500500500411311322222222333332331441111444444055055055 2
050505555222113423113422444441331113233244231005050005 15
005005500314111121143222224241333313234444234555550050 14
055505005332111123113222431223333442442444114505055000 9
005005005112113443111222222433133122444444333550550550 2
550005055212113414143422122434133323331244241005055005 14
500005500344313322133422144412131113134442222500555055 8
005005505121111241433424422213333143432242413000555550 14
005000550323313311431222433411131241244444222550055550 12
505005055113311244224224134322133332144442113055055000 10
555500500444113114124422312332133333121244242000555005 8
055005050431111323211224433424333211143244242505550500 12
050000505242113132132222111313133443423444424550550550 11
005005005322311114141422342434133323112442432050550555 14
505500505123311322231224111444331433342442214050550050 12
555000550222111111322424433111333444443242332000055055 4
555000000444111111114224223333333222233244144555555000 2
500000050143113243411424421233133214224242133005555555 11
050005500422111311313224423441333441231244232500555505 12
000500055413111223212424424341333131243242431505055055 14
055005005314113241331222412423133132422444341550055500 10
550000500241113131212222241324133434323444314505555050 12
500500500312311334344222311131331222444444122550555005 5
555000055212311331114422443343331224221244134050050550 15
550500500241113443223224224412331111133442433550055005 13
055000005224113333333224244224133111111442244050550555 10
555000550324113332143424123241133231414242214050550500 14
055000555242313432134222114323131123443444211050550005 14
055000550224113243141422434411133313233244221555055000 12
555000050232311134342224312144133311321442424500550055 14
555000055222311333123422441211133433411244244055055000 5
555005555222111111131224424444333333343244212000550000 8
505505505212313133121422234424131341313442442000555000 14
005005555111311344424424332342331111322242432550055000 14
005000055433113143222422233144331422113244114550550055 12
000000550112111334324224333111333444242244122550550555 7
500500500211311333222422441332331424113244144055055550 7
000505500434311222122424113343331432411242341500550555 12
550000050412113434314424141123133222233242143555055005 13
055005005334313422322224314141131134242244311005550055 12
055500005333311341214422434311133121242442224000055555 14
000005055111311421422224242311331344234442333505555005 8
550005505121313312412424121333131433242242444000555500 13
000005500113313313442224421321131434242244132555055550 13
505505005434311232312222121111331422443444343050055500 13
500505550143111122434424143113333213222242434500050550 13
500005005421113143424222442112133333133444212005555055 13
505005055332311433123222442241331114422444311005555000 13
005005500313111412431424342422333141334242221055550550 9
505005000224113113143422214244331331331442224500555550 10
055000055122113413131222222443133132444444313550050550 4
005505005313313444232222121131131444212444323555550000 11
500500000444113333122224442332331114113244122555555500 6
550005505343313133223424214442131111124242432050050055 10
505505550222311344344422132322133111113244434005055000 6
500005055214113443333422221411331222431244341000555505 13
550500055244313311342424424312131122131242334000050555 7
050000550323311321442224212334133114134442142505555500 9
005500555211311443412424422123331143433242231005055050 10
500500550231311423233422213442133444113442121050050555 12
000000550333113222411422344222331111334442441555055055 4
005500505312113124143224114224331333144442232055555000 13
500500005332113442123422132441331323412244411050055555 13
005500005114311231343424214223331122444242133005555055 14
005005005224111111333224224244333333111244244555555000 2
555500000213313233433424221221131443411242441550550500 13
055005050344313223111422442433131322412442131505050055 13
000000055333113444233224122444133111112442223555550550 8
000005050432313213324224442141131324213244131555055505 12
000005005223311444222422111333331441411244233555555500 8
050000555234113414332422142323133141423244211005555500 14
000505055442311132114422312142133123333442424505550500 12
500005055444113111331422412222331323143244234550050055 13
500500500333311111444222222111331333444444222055055055 2
055000005434311324312424111132331442323242142555555000 14
555500500433311113442224443113133221221442432005555000 7
055500050222311331324422214344133314131244142505050550 13
505000555221113141424224434312331333143442212050555000 13
055000555313311144222224311131331433244442224550550000 12
050000005311113341434422222113331143422442432555555500 15
005000005412113442141422333431133221223244413555555050 12
550005005222113133114424223133133444211242344500055055 5
005005005122113434121222332442133312314444143500555055 13
000005555332113111113422422422331342344244134500055055 10
050000050111313333222424444323131131444242212505055555 11
550005005133311234242422322324133114344244111550050550 12
050000005143311434213422123411133231224244243555555500 14
555005550424311114113224331244133223341442232000055005 10
055000055244111231342422414133333122411442323000555505 12
505005000441113343221222233412133431123444412550550055 14
000500005221111442414424331132333244311242323505555055 15
050005005133113224213224122432331143344244411555050550 12
055000550134311242144222322313331134412444123055055500 11
555000000222111111334224221333333444211244344555555000 2
500500055431311212432424322344331111343242421505550050 15
555000000142313244314422112323131134224442331555555000 13
555005550324313342132424113111131242434242324050050500 12
550000050311311331233222414444331121322444242550050555 13
500500555231111443433422222444333121313442211050050550 9
005005055333311111244422422333133111442442224500550550 3
555005005332311114144222321333331442222444114550055000 10
055000000333311413412224434121133122242244341055555505 14
000005005131311111433424223442331422314242342055550555 12
550505555322311323114222232143331114234444144000050500 10
505505555442311331113224442214133123331442224000050050 6
000000555333111111222422222333333111444442444555555000 3
050500055434111334344222122112333121343444212505050550 9
505505500431113311223422223214133241331244444055050050 11
555000000111111111224224224333333333244244244555555000 1
050000000113113133422422442321331311244244234555055555 5
005005055344313331311222242423131111432444422555550000 8
555000000222311311331222222444331331311444444055055055 2
055005005323113113221422441433331441432442212005550550 12
555005005331113442443424114224133311322242231000550550 5
055005000223313341444422221312131414331442132505555500 12
550500055321311343424422432112133342132244114005050055 12
050505000444113131121224212242331323313442434555050505 13
500005555313313123244424231141131214434242322050055005 14
000005005114111221331222222233333344444444113005555555 3
555500055141311114434422322332331313124244242000050055 13
555000550234111412142424133111333244423242323500550050 13
000000000333111111444222222111333333222444444555555555 1
050005550443311423411422242224331331131244213500050555 13
500000550123113243431422431221331412442244313055055550 12
505005055233113421211422434442331323111442243550550000 12
000505055444111111324222242122333314333444132055050505 8
055500550441113231222224443113133422431442313000050555 13
005000550111113333221422243444331424112442332550055055 7
505005050321113124232224341133331443212244414500555500 14
005005500134113114143222323221133413242444234550555005 11
000000000444111111111222222222333333333444444555555555 1
055500005143113421231424212443133133424242213505055050 12
505500550242311331341422423412331432113244124000055055 13
055005055114311142342422113133331222434244324500050550 11
555000050143311114423224133222133243134442412005555500 13
555000550134113422111424143443133214232242323550050050 14
050500550311111212223422331422333444344442131505550500 12
000005050121311334213422123412133441344442232555050555 13
005005505341311344432424311122331422334242112550055050 14
055505505323113113221224241413331231444442432000050055 8
000000555343113311242224222314331124134442134055555500 15
050500055331311442441422321224331214112244333555050005 14
505505500112311422333224114221331333442442441050055500 9
500500005322113442133422314444133112332244121055550055 13
500500500344311224111224121233133244234442313055550055 15
050000055311313242433422322424131133112442441505550550 8
000005550133311444422224112321331331212442443505555005 13
500005050323113132444422321141331213412442432055050555 14
550500050222113434323224112414133341341442231005550505 14
000000000222111111333222222444333333111444444555555555 1
000000000333111111444222222111333333222444444555555555 1
505005000143311412433224114222331143134442223500555055 13
550005500433111123414424413133333241221242242055550500 15
555000000333111111444224222333333111222244444555555000 2
005505055321311421433422241233133412442244113505050050 14
005005055443113133222422243114133432123244114550550005 13
500500555222113113122422431331331444443442312005555000 3
005000055132113124144224322332331314314442142000555555 14
055500500442313124314424331334131242111242322050050555 14
000500000321111112233422311444333233122442444555550555 12
005005005221113334444222333344133211111444222550550550 3
000505550112113424341424112244133324132242333555050005 10
500005505123313341221422433211131413432442244000555055 15
055000055234113221313222241223133434441444113005555500 12
555000000444113113113222222222133133133444444550550550 2
005500555144111123323224241233333414412244132050550500 14
005005055424113422332422344111331113233244241005055055 11
050500000213311324424224141142133233331244412555550505 13
005005005443113112222222111122133433333444444550550550 2
055505000233313142422222323134131443111444214505050055 13
555505500213111234422222142144333111333444423005050050 10
005505505234313242311424144422131311333242421550550000 12
000000555111111111422422422333333333442442442000555555 1
050500005132113342122422113333133424414244142550050555 14
055005005133311212224224134343133121444442213050055505 12
000000555111111222433422122444333333112442443000555555 2
500005550113113424444222133133133222242444113505055050 8
555000055122313322131222112444131333314444244000055055 8
000000000333111333444222444111333111222444222555555555 2
055500555422113242124224111333331442411244333050050500 9
500505005433111411211422443222333234123442143500550550 13
000500505123311444242422323311133414232442131050055555 13
550005005331311444444224311133133222222244113500055055 4
055000555141311211434224432323133112442442323000055550 12
500005550333311423411422224232133142114442341050550505 12
050000550324113341123422243431133234214244112555550500 12
050500555133313334221224143224131243112244414005055500 13
055005505333311321242224432122133144314244114000555500 13
555005005123113413222424244111133332444242133500555000 10
550500055244111231343224234413333121221244413055050005 13
050505500114313323141222433223131244412444132505055500 13
555005500341313414231422343422131212134442321050055500 12
505005550342311412331224124412331342134442321050055500 14
055500055111113111444424222333133333444242222005550005 5
500505000122113144313222111433133243224444432055550505 11
500500500311311331222222444331331311444444222550550550 2
055000055413113221224422244334331142133442113055055005 7
005505005434111312341424111422333221333242442500055055 12
055505050131311113223422443213133231444442224505050500 14
555000555412311133133422244244133311321244422050550000 11
055005500132113442324422314331331144222244311055055005 14
505500055412113133141224421413331433243244222005055050 10
555000500131311413221424214444331332342242321000555550 14
550505500222111412333422113421333431443442241000055505 12
000005500431111411223422242444333333121442213555055055 15
000500550214313433111424221243131234443242123500055555 13
050005550112311344331224113223133421432244442505550005 12
000000000444111333111222444222333111333444222555555555 2
050000500222311444331424124214331341113242233555555500 12
555505005412311241133422422221133113443442433000050550 7
005000005423111122232424111112333433343242444550555550 11
500500500222113222333222111444133444333444111550550550 4
500000005143111424232222334312333142124444113550555055 13
505505550134111312111422322444333123342442234005055000 13
000500555141311434441224311222133412322244333550055500 13
050500505424311231343222442422331112311444331550055500 12
055005055131111414442222323121333242234444313550050500 13
500500500311311311222222222331331331444444444055055055 1
000000000222111111333222222444333333111444444555555555 1
555005005334311444311224321433133222212244141000555005 8
000000000111111444222222111333333222444444333555555555 1
555005005222313444124222114333131333241444211055055000 9
555500005424313432341422113422131212133442341000550550 15
000000550214311122133422131442331223313244444550555505 13
550500500211311344224224113122133433133244244055055005 3
000000000444111111111222222222333333333444444555555555 1
550500500434311421113224242443331123231442213505550050 14
550505000334311341121422212244331324312244134005550505 7
550505500234311243132224444321133312413442121555050000 14
000005555443113213233422431444331222121244113055050055 13
055505055233311144244422311312133421321442234500050500 6
505505500343113212423224133231331241414244421500055050 13
055505005132311322134422114312133344344244122550050500 14
050505555312111232124222144133333122444444313000050505 14
505505555433313444214224323342131212121244131050050000 15
500005000111111244233424123433333443224242211505555055 13
055000055324113344312424332114133144132242122550055500 14
555500000222113411332222444111133342421444333500550550 8
055000055411111221443424441221333233233242413000055555 12
500505005322113434143422122443331133212244411055055500 13
550000055342113434124424112123133114242242333555055000 13
055005005122313144114424323331131232244242314550055500 14
005500555414113434322422342112133322331244141000550055 15
550005050334113312123222111444133224342444132550050505 13
055005500111311333224222244333331111422444442500055055 5
505505505323313333222222232141131111444444414000555000 4
555005050113111232424422142332333314144442123000055505 11
050500555434113111322422242313331331421244442005550005 13
055000500122113444334224322331331344212244111000555555 7
005500055421311211424422432341331313243244231550550005 12
055500050122313112324224334343131111434244242005050555 10
555500050113113142434422112322133323144244234500550005 9
050005550332311331321424242214331324114242144005550505 8
500500555311111422433422322442333133144442211055050050 6
000500005111311343442224421331133212234442324055550555 12
500500500111111444222222313333333444222444131000555555 4
555005550331111444241424313412333222134242321000050550 11
000005555224113131312222234344133342123444114505055050 9
500005000224311112122224331334133244311442344555555005 7
005005005111113222444222111333133222444444333000555555 3
005005550443313432422424132122131311341242413550550005 8
500000055221113242434222331124133244311444313005555055 13
555500055422311111134422423333133244243442112000550500 7
000000555144113334322424112334133144112242322555555000 7
505000000141113244232224114114331322324244333055555550 13
550005005444311222332424122311331311433242441550550005 6
000005005223113444222224111333331441411244233555555500 4
550500055411313413421224221233131241243244433500055005 14
505005000234111224123422113244333244311442331505555050 12
055005000331111313242224442124333334112244124055050555 10
005000055124113143312224242123331334434244112050550555 13
000505550123111142434224333111333243212244424505050550 13
005005005113113113222222222133133133444444444550550550 1
500005500234113121113224233441331443413244222055055055 13
005505550244313414122422133121131244233442313555050000 10
005005055344311422311422122433133331442442211000055555 4
005500505444311311323424413231331241231242224000555550 9
555005005322111342121222311444333412332444134005555000 13
005005550141313414233424134212131323322242441055050550 14
500500555222311333144422433111133222443442114005555000 5
005005005144311321331424222412331112334242344055550550 12
555005550441111411222222433133333214221444343550050000 9
055500505212111123131222234444333343113444422050055500 14
550505005422313114114422133123131433243442242005055005 9
000500555241313123444222434122131311313444232055055500 14
500500550412113321311422244234133341331244422505550050 8
550500550442313212343224132414131321321244431500550005 12
555500000232113434342424321143133414211242123550550500 14
055500550214113222114224144333133121443442233000050555 15
500005055444113332324422123112331234143244112500550550 13
500000500442113442333424111422133422111242333550555550 9
505005055333113124214422321311133241432244442050050055 14
500500555141311212413224332444133121322442433055055000 13
555505000313313441411422242424131322332442131005055005 5
005500000232113131313224243223133411421442444555550055 12
055000505443311243222224432134133124111244313055550050 14
005005055344111211311424422433333122442242331500550550 6
005005050324311113133224411233133224442442142005555505 5
555000555222313313131222222444131131313444444050050050 3
055005055142313343131224212423131133424244412500550500 15
005005550441311411233422421233133223441244213500550055 7
500500555222311322144424133114331244333242114000550550 7
000500555442113322144422123113331233411442432500055550 8
505005055414111141331222233423333211243444422055550000 12
555505550144111212121424332414333124332242343005050000 11
005005550134113322123424114212133143332242444000055555 15
005500050333113241441224432411133323222442411550550505 13
555000000222111444313424333222333444131242111000555555 5
555005505224111234311224332422333111143244443050550000 14
005505505211313322444222111332131221333444444000055055 4
500505550313113233434224212141133122444442321500050550 12
005500500313113344432222123144133212134444122555055050 11
050000500414113321132422232343331113441244422555055550 13
500005000442113131311422442232133313123244424550555505 14
005000055223311143212422443133331211421244434555550050 14
500005055344311311323422412441331131422244232500555500 7
500500550412113422333224141412133442121442333500555500 7
505505050243313411431424443423131231221242213500550500 10
505505505333111222222222111111333444444444333000555000 6
000000000222111222333222333444333444111444111555555555 2
500500005141111212421422321234333244314442333005555055 14
055000550323313243413224234214131142124244131500055055 12
550505500424313341132424233343131412211242124005550005 14
050505505143311112224224114142133333332244424500055500 9
500000050213111431444222243121333222411444333505555550 9
505505055211311221433222244234331311341444423005550000 8
055000005233111333212222441112333424341444124055055550 12
050005555444111242312424334324333332121242111505055000 12
505005050313113431423224222231133141442442413555050050 13
555000050411313344212224133124131241333244422555055000 14
055000550423113331432224422142133113341442412550550500 13
505505000243313221412224433111131432441244323000550555 13
500000055321313234431422311243131443212442421550055550 13
500500505111313324442222331334131412322444142500555050 13
500500500333311111444222222111331333444444222055055055 2
055505505124111433321424212441333334212242341000050055 9
050000555134113324343422113411331241222244432555050050 13
000505500232311441333424224414331142123242113555550005 14
000000000111111444222222111333333222444444333555555555 1
555005055131111144424222313343333221234444212000055500 14
050005005141311131442422223313331422414244332055050555 14
005500050122113214333422143213331422434244141555550005 13
005005005113113113222222222133133133444444444550550550 1
555500050411311222234224321331331413443442241505055000 11
005005055411311322422422133144133233113442442500550550 3
555005550433311231412422422144133312341244123000055005 12
055005005331113312443224111234331223122442444050050555 7
005005555114113124333224334244133143112442222050050055 4
005005000444311433133422244211133111223442223500555555 5
555000000222311444331222311444331222311444331000555555 3
500005000331113112223422331444133211322244444505555055 8
055500055121311224444422332331133343214442211500050055 13
555500500444111332112422133113333223221442444000555500 6
050005505331113341432224224341331311214442422505550050 11
005005005113113113222222222133133133444444444550550550 1
005505500433111323412224223114333442131244142500555005 14
055005005342113431113224442223133114422442133500555500 7
000000000222111111333222222444333333111444444555555555 1
550500000442113132324422324142331113133244412005055555 8
505500050111313333244422224313131131224442244050550505 8
000005005444113223334224222111331344233244111550550555 6
555005000224113234144422322311331341411244233050055505 5
505005050113113133422224243113331432224442144500055055 15
000505555143111432214224133113333244422244123500055500 11
005005550221313243212424424113131131443242433055050055 10
000000000222111111333222222444333333111444444555555555 1
000500555244311311322422411331331224233244144000055555 3
050505505234113144334222341121133223213444214500055005 13
550005550433311431412422242344133322311244121005050055 14
005005005113113113222222222133133133444444444550550550 1
505005055412311141123224412234133143323442234500550050 16
550005505134311444332224114343331322212442121005555000 7
505505050313313313422422422131131131442442442505050050 3
055000050434313332112222144112131143323444422500555505 15
005005055432313312144222121312131434323444142550055500 14
550500055412113122132422321334133442343244114555050000 12
550005505311313121443424223413131231234242442005055050 11
500005005111113142432424313342133424134242322055055055 13
050505505434313232343224141414131212121244323050050505 8
000000555333111111222422444333333111444442222000555555 2
050505505444313321321222233213131231441444412505050050 12
500005055233313241223222433421131443411444211550550005 13
005000500332113122312424314121133341244242434555555050 13
055000055313311142244422131324331224112244334550055005 14
055500500122111342333222133224333414142444114000055555 11
005500055223311413232224444123133133411244241005055055 15
555005555321311214443422322212133141134442433000550000 12
050500005231111232442224344324333323111244411555055500 15
555500500422311321334224444332331342111442112550050050 4
550005000331113214233224122444331311342442421505055055 15
005005555141113412413222123223133233442444431000555500 11
055505500123311432421224142414331313132442243500550005 14
050000005432311344122422112324331133113244442505555550 7
000500500111311444223224112444133333122244233555555005 4
500500550121311444222222114344331332332444311055055500 5
055505000112311442341224321413331222434442133505050055 13
550005000421311243212224421331133412433442341555055500 14
500500550444113222133422311444331222331442113005055055 4
000500055143113414222224334341331111234244223550550505 11
050500505321113441433422222432331342314244111005055055 15
000005005444111111334222222122333344333444112005555555 4
000005005134311224343424111441331222214242333055555505 12
500000000313111232444424124133333143222242411550555555 11
550000050414311143122422422332331112133244344555055500 13
550005005111311111442224224333331333244442422055055500 4
550000550111313133244222222144131334312444324500055055 8
000000000334311224113224112441133333222244441555555555 10
000005555113311133223222442442331111332444424555055000 12
500500500422111111333422422442333333111442442000555555 2
555000000242311434333222121222331444111444313555550050 10
000000555333111111222422444333333111444442222000555555 2
000000555444311311311222222222331331331444444055055055 2
055000000411311222222224344114133133133442443055550555 6
005005050344313113123222421241131234232444314505550055 14
050005500341113244224422314132331112324244331550055505 11
505500000422113221334222414343133142233444111550550055 11
500500055323111244213422132424333111332442441555050050 13
555005500211113413242222241121133434433444323550050050 12
055500505442311433113422443231133224221442311005555000 14
005500550444311314132224323122331432311442142500055055 12
555005505221313312422222131114131433343444244000550050 13
050500500141313323234224433143131214412244122555055500 13
500500500324111333111424211241333222444242334000555555 6
555000055144311234342422322113133114234442123050055500 9
000000555111111333424424444111333333242242222555555000 3
055005550441113423233422221213331243411442431050050505 14
505500000444113143132422214114331122323244332050555505 13
005505550424113222134224314341331333241442211505055000 14
505505000122313422332422332141131114444442313555550000 14
000500500433313322444222133112131441311444222500555555 4
555505000331111324244222132322333311112444444005055005 11
500500055211113221433224423413133243241442431500555500 14
000505550113113213421424422234133334142242143005050555 7
500500055133113341212422222331331123414442444005550550 7
000000000222111444333222111444333222111444333555555555 2
550005050334313432141222344222131324112444113505550500 13
005005500223313433424422214341131141233442211050055555 11
005505055312313142124224114344131332132244324550050500 12
505500005342113414123422332211331131422244443550555000 15
000005505134311323314424242141331324212242134050555505 14
500505505442311422143422123433133413231244211050050055 16
055000550243311123434422211334331212143244124550050055 11
500500500333311111444222222111331333444444222055055055 2
505005000113313132442422122134131313324442244550055055 14
055500500133311222444422311331331444222244113005550550 5
050505005111111233432424442323333142414242321505055500 11
505505505221311341422422413144133212333442134050050050 13
550500550444311412131422324212133333121442243505050050 12
505005000422311424312422133143331412233244141055555005 13
055000000133311412442224344131133113224442223555555005 14
000000555214311444311422131243133223433442221055055055 11
555505505311113133442422224113331331224244442050050000 6
050505505111113133423422442412331331342442422005050055 13
505505000444111443113422234212333122123442133550550005 13
000000555222111111122422433333333444443442112000555555 2
500000550332311222321224344231133311444442411555055050 14
500500055311111444424222321143333212232444133550055005 12
550500005142111324132222142334333112324444314005555500 14
500500000234311243143422414423133121211442233055550555 14
500005005221113434412222331342133442111444323500555550 13
500000000334111111113224222444333332322244144555555055 6
055000550221311114222224311142133433333442444500055550 14
500500550213313421421422433242131234143442113550050550 13
550000005224313234344224322141131333411244211500555055 11
005000555111313332434222124322131311342444442550555000 12
000000050222311212343422314424331143131244431505555555 13
055005000232113122342422343133331411421442414555050055 15
055500555341313433432422222111131344224442311050050005 10
500500500122113433333222444443133112222444111055055055 4
005505550414313333122222422113131143441444232505550000 12
000500055442113313144422413131331234223244122555050550 13
550505550414313144142224332324131311331244222000050505 14
005005550441313223233224223213131431441244411550550005 6
555005000331111442211222344422333311122444433555550000 5
555505505113113224224224331331331442442442113000550000 4
000000555111111222433422122444333333112442443000555555 2
005500055144313132342222323113131224414444132005555500 13
555500050334313124143222333222131412142444114500550005 9
550005055312111113134424424143333344232242122005055500 14
050000555111111343422222442333333131412444422505555000 12
555000000222311111334222221333331444211444344555555000 4
000000555111311322411222333222331441332444444055055055 3
555005000224311133133224244244133311311244224500550550 4
505505000111111244214224131343333224224244333055055005 11
055500000142113324312422133131331414244244322505550055 13
055500500312311441331424224421331342234242311005550550 13
550505005313311133214422444122133144132442322005055005 13
505500000142113122334224344311331321434442212005555550 15
055005005221313411433224243243131221411244433555050050 11
005500550123113232421424113414133432142242343000055555 14
055505000321311133213422411224133244132244344505050055 11
055500055311311311424424424331331331242242242500055500 3
055500555244311111322424433111331224233242344500050050 5
505005500141111433233222244221333313412444421000555550 14
050005505231311111413422243432133421343244422005555005 14
000505505111111433443222242434333122112444323550050550 12
500500555322311234141422331211133412444244323050050550 10
005000050411113431223424233242133444313242121055550555 13
000505550322113344311422131213331421444244232505550500 14
500005055422113232141224313231331441423442413055055005 11
550500005444311133311224221223133441213442234500550550 13
050500500234113123141424443213133211433242224555055500 13
555005055421113243443422411212331422133442133005550000 11
000505505343313214224224111121131234244244333005055055 4
500005550221113143234422443112331224133442314505555000 7
500005000232313312344222324124131131341444214005555555 13
500500500211311344222222111334331221333444444055055055 2
550505500214111134122224322344333111333244244500050550 9
055000550343313132423422131224131213114442244500055055 14
005005005333113111222222444111133333222444444550550550 2
055005055424111242331224341414333232123244113055050005 9
000505500214313344121224113222131431333244244055055505 6
050000555143313114242424332324131123132242414550055500 14
550005005233311433223224444412133113141442221055055005 11
555000000111111333222222242111333333444444424000555555 3
500500500311311444222222311331331222444444331000555555 2
000500555343111131232224224344333314114244122055055500 12
555005000331311424221224343432133442112442311000550555 12
000000555111111422422422333333333442442442111055055055 2
500505500443113422432224342322331113111442431055055500 12
000005505422113342124224143133133233411442412550550550 12
500500500433113443444222222112133122111444333550550550 3
050500500444113411131422232243331323411442223505555005 10
055000000242111111333224211233333423421244444505555550 15
000500005242311333122422414334331122141244314055055555 12
055505500434111222124424311331333244211242343005550005 9
555000005421113432412422111143331423243442233550055050 13
005005500143111231424424434321333142212242313050550555 15
550005550221113434212224314344133121343442231050050505 9
055005005443113113224224221334331244133244112000550555 4
005005555234313113322422234141131311223442444550550000 10
500005555413313222232424144344131321331242411500055050 12
550505505332311224121224314233133141214244443000550005 12
555000000111111111224224224333333333244244244555555000 1
500000055111311224442422313333133442224244131550550055 9
005500055321113234444224312334331322142244111550055005 13
555500500441311421232224443123133234211244313500055050 13
500500000411111221222422412331333333443442441550055555 7
050005505321313212444422341123131232414442133055550005 14
500500050213311343422224434342133111121442432555055005 11
500000500321311241234224234111133312444244323055555550 14
000005505332311214144422334111133142224244323050555505 12
000000555124113111312422444333133142422244332050550555 13
055005550332113132322224314144331314124244142005050550 13
505500500213311131434422424342331123113244242050555005 10
055000005212311324134422112334133343121244244055555005 13
500505055311311311421422443223331441232244234000055505 7
000000500233113244444224133111331411223442223055555555 6
055000000222111311332422443133333444411442122550550555 7
505505000121111314234422113332333242124442344005555500 14
550000050242111113333422421433333211221442444555055005 11
550505000333313441441222414222131112132444323500055505 12
005005055432113132114422123314331242143442324500550550 15
005005055244311324312422331122133444311244132550055500 14
500500055122113234141224114223331343214442433005550550 9
500500500244111111131222224224333313333444244555555000 8
550005005133311444222222311311331222444444133550550005 8
005500055141311212434224344311331323234442221555050050 11
550005555133311311211422423244331224332244144000055500 6
005500550144111322114422134332333114322442342500055055 12
000000550242111311311222223224333434143444134055055555 11
555005505414311141323224423232133214131244342000550050 15
005005005113113113222222222133133133444444444550550550 1
550505005424311441312424234333331112243242121005550005 13
555000000111111111224224224333333333244244244555555000 1
550500500244113113113422422422133133133244244555550000 3
550505505134313144332224341311131412422244322000055500 6
555005500213311111442224424134133143333244222050055005 13
500505055324113212331422344221133311442244431555050000 13
550005500211313224214422333131131223443442441500550550 10
000500555242313113142222422314131134123444334555550000 12
000000550421113212233422333444133411121244243005555555 11
550500050333113213424422432111133142442244321505550500 14
005505550314111234143222111223333232424444143055050005 13
050505005121113442433224312422331131314442243555050500 13
055500005131113313442422422111331333244244224005550055 6
005005005331311311444222222311331331222444444055055055 2
055505055331113412424422141313331222442244331000050505 16
000500550212311111321224433243331421443442234500055555 13
550000550231313314244222123142131413133444224055550005 13
050000055332311143111224424214133332122442344505555500 10
055500550412113123342422412133331321441442432005050055 14
505505000323311434444222111343331232222444111055055005 6
000505500243311433441422411222133214323442131005550555 15
005005550214311133131424444442331321323242212005055550 13
055000550123113133433422414242331111342442422055050055 13
005505550134313432121224142413131343412244223500050055 14
050005505323113214212224132334133124144442341505550050 13
000000000111111222222222333333333444444444111555555555 1
500500555311313322444424132112131333144242224000555005 9
005505000314111143123424424233333141432242212055550505 12
500505050243113443412224424323331111231442231005055505 12
505005000421113434224422133313331241243244211055550550 14
555005005332311432144224114311133322442244321050550500 10
000500555331311321431424213244331214124242342505550050 8
505005050432111321341222432442333113113444422500550550 11
055500555311311233443222211223331432444444121500050050 6
005005005442111333111222422422333111333444442555555000 5
555500500121111341233422434214333143322442214050055005 11
055005005114113223331224224441331332244244311550550500 3
055500500111311333224224244333331111422442442500055055 3
050500505131311411422422444341331332212244323500550550 12
550005000131311442212222324331331341414444223555055500 12
005500550442311331322422444111133333221442412500550550 13
005005005111113333444222222333133111444444222550550550 2
505500050243113434424424132312133323111242241055050055 11
500500500411311322222222333332331441111444444055055055 2
500500550243311121442422413331331411433244222000550555 9
505505550123311342434422131321133443412442212500050050 13
500500500423113313442224441332331432111442122505555050 12
050000550324111112112224334341333341234244224555055500 13
000000000111111444222222111333333222444444333555555555 1
055500505211311133422422421142133444313442332055055000 14
005005000222113111334422431343133222411244344550550555 11
005500550443311221424224442311331311231442233050050555 8
500500500342311332333224111421331411444442222550550550 7
055505500121313343211224433434131212122244344055050500 6
555000000222111444333224111222333444111244333555555000 3
055500500444111444113222331222333222311444133550550005 5
055500055311311311424424424331331331242242242500055500 3
005005555311313244423424332224131133114242241550050050 10
555005505331113414443422323232133242114244121050550000 15
005005050431113444223422111222331411333442243505555500 12
555000000111111333224224244333333111244244224000555555 2
050005055422311412111422344232133121343244433505055005 13
550005000441311411234224223143133224233442113505555500 7
550005000334113223121422414233133344212244141505555500 6
500505550431311423223422242432331311111244443500550005 9
555005005423111111221422433444333241333442212000555500 6
000000000333111444444222111111333222222444333555555555 2
550005005111113333442422422333133111244244224005550550 3
505505050111311333223422423241331231444244214005050550 13
055500505341311324432422313114331232144244122500550050 13
505005050222311131342422432144133314311244324550050055 12
505500050432311432343422111221331223443244411000055555 14
005500050223113411443224224232331131341442413505550055 10
050505550424311111112224243333133432441442322005050505 14
500500000142311133313422444422133122114442332005555555 11
505505505333311444222222313111331222444444131000555000 6
555000000444111111114224223333333222233244144555555000 2
005005055341111223433422422213333111442442431555050050 10
550500000422113323334422444112331142133442112555055005 10
555000000444111333111224222444333111333244222550550550 4
000000000222111111333222222444333333111444444555555555 1
000500550131313414224224332142131344322244113500550555 6
055000000213311121444224213334133222131442344505555550 14
500005555114313321331422433241131242412442324050050550 14
005500050133113213442424432111133324224242143055550505 13
055005055134113111323422244212331334324244142005550500 13
055005000222111441313224444233333121431244213500055555 11
505505000444113322132224134114331123313244242500550055 11
005005000123113314432422143111331233244442422555555500 13
505505050313113434443424112222133143122242431005550500 14
000500000113113113422422422331331331244244244555055555 3
500500500311311222222222331331331444444444311555555000 2
050500550223113434444224112132331111343244223505055500 9
005500550313311122412224331132133442344244124555055000 12
000500555331113242424224113133133242424442311500550550 6
505500055333313414234222112322131144122444341005055050 13
500505050222111231313424442421333333441242411500050555 14
500500500422111333333422442442333111111442422555555000 3
000005055423113133214422422112331141333442244555550500 11
505005050324313342113424133212131444132242124000055555 15
005500500314313312132224144122131132324244344050550555 14
550005055114313244323422131433131212244442123055050005 14
550000005332311334111222124244331321342444412555550050 13
050000555111313143424424443123131212432242332055550500 12
505500550213313122444222123332131211143444434500555000 12
505505000123113241413224234244331132324442113055050055 12
505500050324111414143424312232333124132242143550550500 13
